1
{6635425, 725063, 7076456, 5263017, 5706953, 7062443, 7086732, 5326353, 7116027, 5258140}

2
{1381768, 5974089, 779754, 1223245, 5263059, 401459, 1328374, 7237783, 587959, 6284986}

3
{6017473, 6199736, 5566215, 4666086, 599686, 760687, 5334770, 7336310, 5800888, 1335742}

4
{6017473, 6525059, 135112, 6469545, 5812812, 235373, 6525042, 6605400, 5571514, 6755837}

5
{6950298, 7390146, 7168423, 5746669, 6504846, 7390159, 744561, 745813, 7285593, 6976762}

6
{369536, 497988, 6799013, 731014, 6530311, 5739825, 5898067, 5354387, 7042076, 536813}

7
{689793, 6950369, 5334971, 7287206, 6653305, 3568, 5555092, 7206841, 6739931, 786812}

8
{712325, 1462302, 702346, 5603639, 6504822, 7196919, 1381848, 1464123, 6488317, 6950301}

9
{6771616, 6147756, 1265517, 5954671, 1463935, 6562422, 5435126, 7013914, 6307292, 7350335}

10
{2525511, 293385, 3785, 26921, 6231499, 7055954, 6101622, 5641142, 4685432, 6634523}

11
{5269729, 739363, 7139016, 5433456, 7019347, 6756436, 6655413, 329111, 7056669, 7392254}

12
{397987, 6196647, 356393, 744561, 5540529, 6504851, 57461, 1464695, 6976762, 324956}

13
{251942, 6307018, 6298315, 1677, 2351, 5859408, 6132719, 6504818, 5163922, 6861522}

14
{2560928, 770625, 1464066, 722343, 2560330, 740754, 1346164, 326621, 266142, 791007}

15
{6118818, 6178788, 6515782, 725863, 6471688, 5429322, 602732, 5334989, 6136030, 769950}

16
{6635488, 6771622, 2526119, 5731848, 6147756, 6126005, 6643126, 6769848, 59068, 4858621}

17
{305825, 4665605, 6527686, 5802597, 6637034, 6416746, 6476305, 5255383, 7103450, 41022}

18
{5860416, 5411874, 7187877, 6807368, 1341257, 6769871, 1341716, 6756436, 5250807, 774905}

19
{1381701, 320743, 356393, 6633194, 5852972, 5746669, 5540529, 744561, 1381750, 1464695}

20
{716743, 366536, 6983657, 6307018, 6634855, 5974032, 1434, 6655835, 6680157, 6357438}

21
{590779, 2563431, 6637992, 2560330, 6633803, 5367343, 756593, 5555092, 702139, 299327}

22
{796833, 5974082, 599878, 6630218, 1463372, 37996, 531760, 7312760, 1339644, 6950397}

23
{6632939, 6267247, 6633362, 5949811, 6635764, 308533, 5959832, 684249, 6633852, 6636703}

24
{6636161, 5269730, 731015, 1523528, 1474569, 7097768, 2523405, 6633332, 1337173, 6634334}

26
{6950298, 6633635, 1381701, 320743, 6504846, 7390159, 6504851, 1381750, 7285593, 6635206}

27
{5269730, 1340550, 7051946, 559470, 6504818, 6508501, 6713534, 5160283, 1340988, 5379485}

28
{6632903, 3568, 756593, 1346164, 5555092, 6654974, 1309688, 6653305, 5334971, 711357}

29
{7171114, 5160202, 5435851, 5335148, 6469678, 5474417, 487672, 5310969, 5711738, 5717183}

30
{7245945, 6213226, 5958731, 6538444, 6787501, 6213293, 5507538, 1224243, 7198325, 6946745}

31
{6291872, 6635873, 5607746, 6213047, 328897, 6858468, 5705380, 5763420, 6946745, 6213212}

33
{6950298, 7390146, 6633635, 397987, 6196647, 356393, 6633194, 57461, 1464695, 7285593}

34
{604291, 32236, 6442479, 547055, 6848593, 5571154, 22703, 6533109, 5765686, 5335069}

35
{2560928, 6950369, 722343, 6637992, 1273455, 756593, 740754, 1346164, 6653305, 299327}

36
{752900, 5974117, 7200311, 7383207, 6469194, 2167665, 745812, 5603639, 5954938, 6488317}

37
{796320, 6633413, 6504839, 14952, 471975, 1200361, 6632879, 1339439, 289781, 459387}

39
{5860416, 329111, 135112, 7139016, 6469130, 6769871, 1341716, 5250807, 5262937, 377789}

40
{320743, 7168423, 356393, 6633194, 5852972, 5746669, 744561, 57461, 745813, 62557}

41
{786240, 59068, 7188008, 3074700, 1190654, 5651791, 435665, 710908, 538846, 522494}

42
{770625, 406052, 6830374, 756593, 740754, 6654974, 1309688, 6739931, 266142, 918463}
